1901	3
1903	1
1906	1
1913	1
1915	1
1916	1
1917	1
1918	1
1921	1
1925	4
1927	1
1928	1
1929	1
1930	2
1931	2
1932	1
1934	1
1937	1
1938	1
1939	2
1940	4
1941	5
1942	1
1943	1
1945	16
1946	268
1947	1018
1948	1024
1949	914
1950	1264
1951	1151
1952	1219
1953	1411
1954	1129
1955	1076
1956	1219
1957	1194
1958	1252
1959	1164
1960	645
1961	561
1962	471
1963	477
1964	468
1965	428
1966	449
1967	448
1968	426
1969	384
1970	713
1971	472
1972	298
1973	331
1974	422
1975	342
1976	330
1977	305
1978	335
1979	358
1980	275
1981	314
1982	289
1983	292
1984	328
1985	374
1986	364
1987	343
1988	429
1989	537
1990	576
1991	546
1992	654
1993	73
1994	498
1995	230
1996	35
1997	41
1998	62
1999	58
2000	57
2001	61
2002	87
2003	50
2004	31
2005	26
2006	38
2007	14
2008	14
2009	27
2010	7
2011	6
2012	4
